0011000000000000
1001000000111111
1001001001111111
1001010010111111
1001011011111111
1001100100111111
1001101101111111
1001110110111111
1001111111111111
1111000000100110



0011000000000000
0010000000001000
0101010010100000
0001011000000000
0001100011000011
0101001011000100
0101001001000000
0000010000000001
0001010010100001
1111000000100101
0001001000110100



0011000000000000
0101000000100000
0010000000010111
0101010010100000
0101011011100000
0101001001100000
0001011011101111
0001001001101101
0000010000010000
0101100011000000
1001101100111111
0001101101100001
0001101101000011
0000010000000010
0101101101100000
0000111000000010
0101101101100000
0001101101100001
1001010010111111
1001101101111111
0101010010000101
1001010010111111
0001011011000011
0001001001111111
0100111111101111
1111000000100101
0000000000001111